cntry1 cntry2 proximity
1010 1125 2
1010 1250 2
1010 1280 1
1010 1290 1
1010 1310 2
1010 1520 2
1010 4080 1
1010 4280 1
1020 1025 1
1020 1030 2
1020 1035 1
1020 1045 1
1020 1070 1
1020 1080 2
1020 1100 2
1020 1160 1
1020 1180 1
1020 1190 1
1020 1192 1
1020 1220 1
1020 1240 1
1020 1260 1
1020 1320 1
1020 1325 2
1020 1370 1
1020 1410 2
1020 1430 1
1020 1555 2
1020 1560 2
1020 1570 2
1025 1020 1
1025 1035 2
1025 1045 1
1025 1115 1
1025 1130 1
1025 1160 1
1025 1170 2
1025 1180 1
1025 1190 1
1025 1192 1
1025 1240 1
1025 1280 2
1025 1330 1
1025 1340 1
1025 1410 1
1025 1510 2
1025 1555 1
1030 1020 2
1030 1070 1
1030 1160 1
1030 1230 2
1030 1325 2
1030 1430 2
1030 1480 2
1030 1530 1
1030 1560 2
1030 1570 2
1035 1020 1
1035 1025 2
1035 1080 1
1035 1115 1
1035 1120 2
1035 1130 1
1035 1140 2
1035 1180 1
1035 1240 1
1035 1280 2
1035 1290 1
1035 1330 1
1035 1340 1
1035 1410 1
1035 1135 1
1040 1070 1
1040 1115 1
1040 1220 1
1040 1270 1
1040 1320 2
1040 1370 2
1040 1390 1
1040 1510 1
1040 1530 1
1040 1555 1
1045 1020 1
1045 1025 1
1045 1070 2
1045 1080 2
1045 1100 2
1045 1130 1
1045 1160 1
1045 1340 1
1045 1510 1
1045 1555 2
1060 1192 1
1060 1320 1
1060 1385 2
1060 1400 1
1060 2070 1
1060 4240 1
1070 1020 1
1070 1030 1
1070 1040 1
1070 1045 2
1070 1080 2
1070 1320 1
1070 1370 1
1070 1555 2
1070 1560 1
1080 1020 2
1080 1035 1
1080 1045 2
1080 1070 2
1080 1160 1
1080 1240 1
1080 1250 1
1080 1330 2
1080 1470 1
1080 1555 1
1090 1260 1
1090 1320 1
1090 1400 2
1090 1546 2
1100 1020 2
1100 1045 2
1100 1160 2
1100 1510 1
1100 1555 2
1115 1025 1
1115 1035 1
1115 1040 1
1115 1180 2
1115 1190 2
1115 1240 2
1115 1280 2
1115 1510 1
1120 1035 2
1120 1140 2
1120 1420 2
1120 1470 1
1120 3420 2
1120 1135 2
1125 1010 2
1125 1250 2
1125 1470 1
1125 3020 1
1125 3170 2
1125 3210 1
1125 3340 1
1125 3370 2
1130 1025 1
1130 1035 1
1130 1045 1
1130 1160 1
1140 1035 2
1140 1120 2
1140 1220 2
1140 1420 2
1140 1470 1
1140 1530 2
1140 1135 2
1160 1020 1
1160 1025 1
1160 1030 1
1160 1045 1
1160 1080 1
1160 1100 2
1160 1130 1
1160 1180 1
1160 1385 1
1160 2270 1
1170 1025 2
1170 1180 1
1170 1190 2
1170 1192 2
1170 1390 2
1170 1410 1
1180 1020 1
1180 1025 1
1180 1035 1
1180 1115 2
1180 1160 1
1180 1170 1
1180 1340 2
1190 1020 1
1190 1025 1
1190 1115 2
1190 1170 2
1190 1192 2
1190 1240 2
1190 1280 2
1190 1410 2
1192 1020 1
1192 1025 1
1192 1060 1
1192 1170 2
1192 1190 2
1192 1280 2
1192 1390 2
1220 1020 1
1220 1040 1
1220 1140 2
1220 1320 1
1220 1340 1
1220 1370 2
1220 1420 1
1220 1530 2
1220 1546 2
1230 1030 2
1230 1325 2
1230 1430 2
1230 1480 2
1230 1560 2
1230 1570 2
1240 1020 1
1240 1025 1
1240 1035 1
1240 1080 1
1240 1115 2
1240 1190 2
1240 1410 2
1250 1010 2
1250 1080 1
1250 1125 2
1250 1330 1
1250 1470 1
1250 1520 2
1250 3020 1
1260 1020 1
1260 1090 1
1260 1300 1
1260 1320 2
1260 1385 1
1260 1546 2
1270 1040 1
1270 1320 2
1270 1325 1
1270 1430 1
1270 1480 1
1270 1546 2
1270 1560 2
1270 1570 2
1280 1010 1
1280 1025 2
1280 1035 2
1280 1115 2
1280 1190 2
1280 1192 2
1280 1290 2
1280 1330 2
1280 1390 2
1290 1010 1
1290 1035 1
1290 1280 2
1290 1310 1
1290 1390 2
1300 1260 1
1300 1400 2
1300 3255 1
1300 4080 1
1300 4308 1
1310 1010 2
1310 1290 1
1310 1520 2
1310 4080 1
1310 4240 1
1310 4280 1
1320 1020 1
1320 1040 2
1320 1060 1
1320 1070 1
1320 1090 1
1320 1220 1
1320 1260 2
1320 1270 2
1320 1370 1
1320 1430 1
1320 1546 2
1320 1560 2
1320 1570 2
1325 1020 2
1325 1030 2
1325 1230 2
1325 1270 1
1325 1430 2
1325 1480 2
1325 1560 2
1325 1570 2
1330 1025 1
1330 1035 1
1330 1080 2
1330 1250 1
1330 1280 2
1330 1340 1
1330 1470 1
1340 1025 1
1340 1035 1
1340 1045 1
1340 1180 2
1340 1220 1
1340 1330 1
1370 1020 1
1370 1040 2
1370 1070 1
1370 1220 2
1370 1320 1
1370 1530 2
1370 1546 2
1370 1555 1
1370 1560 2
1370 1570 2
1385 1060 2
1385 1160 1
1385 1260 1
1385 4240 1
1390 1040 1
1390 1170 2
1390 1192 2
1390 1280 2
1390 1290 2
1400 1060 1
1400 1090 2
1400 1300 2
1400 4308 1
1410 1020 2
1410 1025 1
1410 1035 1
1410 1170 1
1410 1190 2
1410 1240 2
1410 2270 1
1420 1120 2
1420 1140 2
1420 1220 1
1420 1470 1
1420 3420 2
1420 1135 2
1430 1020 1
1430 1030 2
1430 1230 2
1430 1270 1
1430 1320 1
1430 1325 2
1430 1480 2
1430 1546 1
1430 1560 1
1430 1570 2
1470 1080 1
1470 1120 1
1470 1125 1
1470 1140 1
1470 1250 1
1470 1330 1
1470 1420 1
1470 1530 2
1470 1135 1
1480 1030 2
1480 1230 2
1480 1270 1
1480 1325 2
1480 1430 2
1480 1560 1
1480 1570 2
1510 1025 2
1510 1040 1
1510 1045 1
1510 1100 1
1510 1115 1
1520 1010 2
1520 1250 2
1520 1310 2
1520 4200 1
1530 1030 1
1530 1040 1
1530 1140 2
1530 1220 2
1530 1370 2
1530 1470 2
1530 1555 1
1546 1090 2
1546 1220 2
1546 1260 2
1546 1270 2
1546 1320 2
1546 1370 2
1546 1430 1
1546 1555 1
1555 1020 2
1555 1025 1
1555 1040 1
1555 1045 2
1555 1070 2
1555 1080 1
1555 1100 2
1555 1370 1
1555 1530 1
1555 1546 1
1555 1560 2
1560 1020 2
1560 1030 2
1560 1070 1
1560 1230 2
1560 1270 2
1560 1320 2
1560 1325 2
1560 1370 2
1560 1430 1
1560 1480 1
1560 1555 2
1560 1570 2
1570 1020 2
1570 1030 2
1570 1230 2
1570 1270 2
1570 1320 2
1570 1325 2
1570 1370 2
1570 1430 2
1570 1480 2
1570 1560 2
2010 2030 2
2010 2040 2
2010 2045 1
2010 2160 2
2010 2230 2
2010 2290 2
2010 2385 2
2010 2400 2
2010 2420 2
2010 2440 2
2010 2450 1
2010 4308 1
2020 2070 1
2020 2090 1
2020 2120 2
2020 2130 1
2020 2140 2
2020 2150 1
2020 2180 1
2020 2310 2
2020 2360 2
2020 2450 1
2020 2460 2
2020 2470 2
2020 3300 1
2020 4008 1
2020 4085 1
2020 4240 1
2020 4280 2
2020 4308 1
2020 5020 1
2030 2010 2
2030 2040 2
2030 2090 1
2030 2230 2
2030 2290 2
2030 2385 2
2030 2400 2
2030 2420 2
2030 2440 2
2030 2450 2
2030 4205 1
2030 4300 1
2030 4308 1
2040 2010 2
2040 2030 2
2040 2090 1
2040 2140 1
2040 2150 1
2040 2160 2
2040 2230 2
2040 2260 1
2040 2290 2
2040 2310 1
2040 2385 1
2040 2400 1
2040 2420 1
2040 2450 1
2040 2470 1
2040 4308 1
2045 2010 1
2045 2130 1
2045 2140 1
2045 2150 1
2045 2160 1
2045 2170 1
2045 2190 2
2045 2230 2
2045 2250 2
2045 2280 2
2045 2290 1
2045 2310 2
2045 2340 1
2045 2350 1
2045 2385 1
2045 2400 1
2045 2420 1
2045 2440 1
2060 2070 2
2060 2120 1
2060 2130 1
2060 2170 2
2060 2180 1
2060 2360 2
2060 2370 2
2060 2470 1
2070 1060 1
2070 2020 1
2070 2060 2
2070 2090 1
2070 2120 2
2070 2180 1
2070 2310 1
2070 2360 2
2070 2370 1
2070 2450 1
2070 2460 1
2070 2470 1
2070 4240 1
2090 2020 1
2090 2030 1
2090 2040 1
2090 2070 1
2090 2120 1
2090 2140 1
2090 2310 1
2090 2450 2
2090 4020 1
2090 4050 1
2090 4160 1
2090 4220 1
2090 4290 1
2090 4300 1
2090 4308 2
2090 5020 2
2090 5150 2
2120 2020 2
2120 2060 1
2120 2070 2
2120 2090 1
2120 2130 1
2120 2140 2
2120 2150 1
2120 2310 2
2120 2360 1
2120 2450 1
2120 2460 2
2120 4008 1
2120 4080 1
2120 4180 1
2120 4200 1
2120 4240 1
2120 4280 2
2120 5020 1
2130 2020 1
2130 2045 1
2130 2060 1
2130 2120 1
2130 2140 1
2130 2170 1
2130 2180 2
2130 2310 1
2130 2350 2
2130 2370 1
2130 2430 1
2130 2470 2
2140 2020 2
2140 2040 1
2140 2045 1
2140 2090 1
2140 2120 2
2140 2130 1
2140 2150 1
2140 2310 2
2140 2340 2
2140 2350 2
2140 2460 1
2140 2470 1
2140 4280 1
2150 2020 1
2150 2040 1
2150 2045 1
2150 2120 1
2150 2140 1
2150 2170 1
2150 2190 1
2150 2250 1
2150 2270 1
2150 2280 2
2150 2310 1
2150 2450 1
2150 3068 1
2150 3083 1
2160 2010 2
2160 2040 2
2160 2045 1
2160 2260 1
2160 2290 2
2160 2385 2
2160 2400 2
2160 2420 2
2160 2440 1
2160 4308 2
2170 2045 1
2170 2060 2
2170 2130 1
2170 2150 1
2170 2190 1
2170 2270 2
2170 2280 1
2170 2340 1
2180 2020 1
2180 2060 1
2180 2070 1
2180 2130 2
2180 2190 1
2180 2350 1
2180 2370 2
2190 2045 2
2190 2150 1
2190 2170 1
2190 2180 1
2190 2250 2
2190 2280 2
2190 2310 1
2190 2340 2
2230 2010 2
2230 2030 2
2230 2040 2
2230 2045 2
2230 2260 1
2230 2290 1
2230 2385 2
2230 2400 2
2230 2420 2
2230 2440 2
2230 2470 1
2250 2045 2
2250 2150 1
2250 2190 2
2250 2280 2
2250 2310 2
2250 2340 2
2250 2350 1
2260 2040 1
2260 2160 1
2260 2230 1
2260 2290 1
2260 2385 1
2260 2400 1
2260 2420 1
2260 2430 2
2260 2440 2
2260 2470 2
2270 1160 1
2270 1410 1
2270 2150 1
2270 2170 2
2270 2290 1
2270 2360 1
2280 2045 2
2280 2150 2
2280 2170 1
2280 2190 2
2280 2250 2
2280 2310 1
2280 2340 2
2280 2350 1
2290 2010 2
2290 2030 2
2290 2040 2
2290 2045 1
2290 2160 2
2290 2230 1
2290 2260 1
2290 2270 1
2290 2385 2
2290 2400 2
2290 2420 2
2290 2440 2
2290 4308 1
2310 2020 2
2310 2040 1
2310 2045 2
2310 2070 1
2310 2090 1
2310 2120 2
2310 2130 1
2310 2140 2
2310 2150 1
2310 2190 1
2310 2250 2
2310 2280 1
2310 2340 1
2310 2350 1
2310 2450 2
2310 2460 1
2340 2045 1
2340 2140 2
2340 2170 1
2340 2190 2
2340 2250 2
2340 2280 2
2340 2310 1
2340 2350 2
2350 2045 1
2350 2130 2
2350 2140 2
2350 2180 1
2350 2250 1
2350 2280 1
2350 2310 1
2350 2340 2
2350 2470 1
2360 2020 2
2360 2060 2
2360 2070 2
2360 2120 1
2360 2270 1
2360 2460 1
2370 2060 2
2370 2070 1
2370 2130 1
2370 2180 2
2385 2010 2
2385 2030 2
2385 2040 1
2385 2045 1
2385 2160 2
2385 2230 2
2385 2260 1
2385 2290 2
2385 2400 2
2385 2420 2
2385 2440 2
2385 4308 1
2400 2010 2
2400 2030 2
2400 2040 1
2400 2045 1
2400 2160 2
2400 2230 2
2400 2260 1
2400 2290 2
2400 2385 2
2400 2420 2
2400 2440 2
2400 4308 1
2420 2010 2
2420 2030 2
2420 2040 1
2420 2045 1
2420 2160 2
2420 2230 2
2420 2260 1
2420 2290 2
2420 2385 2
2420 2400 2
2420 2440 2
2420 4308 1
2430 2130 1
2430 2260 2
2430 2470 1
2440 2010 2
2440 2030 2
2440 2045 1
2440 2160 1
2440 2230 2
2440 2260 2
2440 2290 2
2440 2385 2
2440 2400 2
2440 2420 2
2440 2450 1
2440 2470 1
2440 4308 1
2450 2010 1
2450 2020 1
2450 2030 2
2450 2040 1
2450 2070 1
2450 2090 2
2450 2120 1
2450 2150 1
2450 2310 2
2450 2440 1
2450 2460 1
2450 3020 1
2450 3150 1
2450 3160 1
2450 3350 1
2450 4010 1
2450 4170 2
2450 4290 1
2450 4308 2
2450 5020 2
2450 5150 2
2460 2020 2
2460 2070 1
2460 2120 2
2460 2140 1
2460 2310 1
2460 2360 1
2460 2450 1
2460 2470 1
2460 4240 1
2460 5020 1
2470 2020 2
2470 2040 1
2470 2060 1
2470 2070 1
2470 2130 2
2470 2140 1
2470 2230 1
2470 2260 2
2470 2350 1
2470 2430 1
2470 2440 1
2470 2460 1
3010 3025 1
3010 3130 1
3010 3140 1
3010 3290 2
3010 4012 1
3010 4301 1
3010 4302 1
3020 1125 1
3020 1250 1
3020 2450 1
3020 3030 1
3020 3170 1
3020 3190 2
3020 3285 2
3020 3320 2
3020 3340 2
3020 3370 1
3020 3405 2
3020 4308 1
3025 3010 1
3025 3027 2
3025 3100 2
3025 3270 2
3025 3280 2
3025 3365 1
3025 3380 1
3027 3025 2
3027 3100 2
3027 3255 1
3027 3280 2
3027 3290 1
3030 3020 1
3030 3110 1
3030 3190 1
3030 3236 2
3030 3285 1
3030 3300 1
3030 3320 1
3030 3340 1
3030 3350 2
3030 3405 1
3030 4308 1
3050 3200 2
3050 3270 2
3050 3300 1
3050 3380 1
3050 3408 2
3068 2150 1
3068 3260 1
3068 3270 1
3068 3280 1
3068 3300 1
3068 3325 2
3068 3350 1
3068 3380 1
3068 4301 1
3080 3150 2
3080 3210 2
3080 3370 1
3080 3400 2
3080 4140 2
3080 4180 1
3083 2150 1
3083 3260 1
3083 3325 2
3100 3025 2
3100 3027 2
3100 3255 2
3100 3270 1
3100 3280 2
3100 3290 2
3100 3365 2
3110 3030 1
3110 3236 2
3110 3300 1
3110 3380 1
3110 5180 1
3130 3010 1
3130 3140 2
3130 3290 2
3130 3400 1
3130 4007 2
3130 4012 2
3130 4084 1
3130 4301 1
3130 4302 2
3130 4335 1
3140 3010 1
3140 3130 2
3140 3190 1
3140 3340 1
3140 3370 1
3140 3400 1
3140 4012 1
3150 2450 1
3150 3080 2
3150 3170 2
3150 3210 1
3150 3370 1
3150 4008 1
3150 4012 1
3150 4030 1
3160 2450 1
3160 3325 1
3160 3350 2
3160 4290 1
3160 4300 1
3160 5020 1
3170 1125 2
3170 3020 1
3170 3150 2
3170 3190 2
3170 3210 1
3170 3340 2
3170 3370 2
3190 3020 2
3190 3030 1
3190 3140 1
3190 3170 2
3190 3285 2
3190 3320 2
3190 3340 2
3190 3405 2
3200 3050 2
3200 3236 1
3200 3270 2
3200 3380 1
3200 3408 2
3210 1125 1
3210 3080 2
3210 3150 1
3210 3170 1
3210 3370 2
3236 3030 2
3236 3110 2
3236 3200 1
3236 3300 1
3236 3350 2
3236 3380 1
3255 1300 1
3255 3027 1
3255 3100 2
3255 3290 2
3255 3365 2
3260 3068 1
3260 3083 1
3260 4182 1
3260 4272 1
3270 3025 2
3270 3050 2
3270 3068 1
3270 3100 1
3270 3200 2
3270 3300 1
3270 3380 1
3270 3408 1
3280 3025 2
3280 3027 2
3280 3068 1
3280 3100 2
3280 3365 1
3285 3020 2
3285 3030 1
3285 3190 2
3285 3320 2
3285 3340 2
3285 3405 2
3290 3010 2
3290 3027 1
3290 3100 2
3290 3130 2
3290 3255 2
3290 3365 1
3290 4301 1
3300 2020 1
3300 3030 1
3300 3050 1
3300 3068 1
3300 3110 1
3300 3236 1
3300 3270 1
3300 3325 1
3300 3380 1
3300 5180 1
3320 3020 2
3320 3030 1
3320 3190 2
3320 3285 2
3320 3340 2
3320 3405 2
3325 3068 2
3325 3083 2
3325 3160 1
3325 3300 1
3325 3380 1
3340 1125 1
3340 3020 2
3340 3030 1
3340 3140 1
3340 3170 2
3340 3190 2
3340 3285 2
3340 3320 2
3340 3405 2
3350 2450 1
3350 3030 2
3350 3068 1
3350 3160 2
3350 3236 2
3350 4290 1
3350 4300 1
3350 4308 1
3350 5020 1
3365 3025 1
3365 3100 2
3365 3255 2
3365 3280 1
3365 3290 1
3365 3380 1
3370 1125 2
3370 3020 1
3370 3080 1
3370 3140 1
3370 3150 1
3370 3170 2
3370 3210 2
3370 3400 2
3370 4012 1
3380 3025 1
3380 3050 1
3380 3068 1
3380 3110 1
3380 3200 1
3380 3236 1
3380 3270 1
3380 3300 1
3380 3325 1
3380 3365 1
3380 3408 1
3400 3080 2
3400 3130 1
3400 3140 1
3400 3370 2
3400 4007 2
3400 4012 2
3400 4030 1
3400 4084 2
3400 4140 1
3400 4200 1
3405 3020 2
3405 3030 1
3405 3190 2
3405 3285 2
3405 3320 2
3405 3340 2
3408 3050 2
3408 3200 2
3408 3270 1
3408 3380 1
3420 1120 2
3420 1420 2
3420 1135 2
4005 4018 1
4005 4030 2
4005 4038 1
4005 4140 1
4005 4150 1
4005 4260 1
4005 4270 2
4005 4272 1
4005 4276 1
4005 4350 2
4007 3130 2
4007 3400 2
4007 4012 2
4007 4030 1
4007 4084 2
4007 4140 1
4007 4180 1
4007 4260 1
4007 4270 1
4007 4272 1
4008 2020 1
4008 2120 1
4008 3150 1
4008 4080 2
4008 4140 1
4008 4180 2
4008 4205 2
4008 4240 1
4008 4275 2
4008 4280 2
4008 4290 1
4008 5020 1
4010 2450 1
4010 4020 1
4010 4025 1
4010 4038 1
4010 4045 1
4010 4085 2
4010 4150 2
4010 4190 1
4010 4210 1
4010 4274 1
4010 4300 2
4010 4308 1
4012 3010 1
4012 3130 2
4012 3140 1
4012 3150 1
4012 3370 1
4012 3400 2
4012 4007 2
4012 4084 2
4012 4182 1
4012 4184 1
4012 4301 1
4012 4302 2
4012 4335 1
4018 4005 1
4018 4038 1
4018 4045 1
4018 4055 1
4018 4150 1
4018 4186 2
4018 4188 2
4018 4230 2
4018 4260 1
4018 4272 2
4018 4303 2
4020 2090 1
4020 4010 1
4020 4045 1
4020 4050 1
4020 4080 1
4020 4085 2
4020 4170 1
4020 4190 2
4020 4210 2
4020 4300 1
4020 4308 1
4020 5020 1
4025 4010 1
4025 4038 2
4025 4150 1
4025 4180 1
4025 4230 1
4025 4270 1
4025 4272 1
4025 4274 1
4025 4276 1
4025 4350 2
4030 3150 1
4030 3400 1
4030 4005 2
4030 4007 1
4030 4038 1
4030 4045 1
4030 4084 1
4030 4140 2
4030 4150 1
4030 4230 1
4030 4260 1
4030 4270 2
4030 4272 1
4030 4274 1
4030 4276 1
4030 4350 1
4038 4005 1
4038 4010 1
4038 4018 1
4038 4025 2
4038 4030 1
4038 4045 1
4038 4140 1
4038 4180 1
4038 4195 1
4038 4274 1
4038 4276 2
4038 4350 2
4045 4010 1
4045 4018 1
4045 4020 1
4045 4030 1
4045 4038 1
4045 4085 2
4045 4150 1
4045 4230 2
4045 4272 1
4045 4274 2
4045 4350 1
4050 2090 1
4050 4020 1
4050 4070 1
4050 4085 1
4050 4160 2
4050 4210 2
4050 4220 2
4050 4290 2
4050 4308 1
4055 4018 1
4055 4070 2
4055 4186 2
4055 4188 2
4055 4272 2
4070 4050 1
4070 4055 2
4070 4085 1
4070 4186 1
4070 4188 1
4070 4220 2
4070 4272 1
4070 4290 2
4080 1010 1
4080 1300 1
4080 1310 1
4080 2120 1
4080 4008 2
4080 4020 1
4080 4085 1
4080 4180 2
4080 4190 2
4080 4205 2
4080 4210 1
4080 4240 1
4080 4280 2
4084 3130 1
4084 3400 2
4084 4007 2
4084 4012 2
4084 4030 1
4084 4272 2
4085 2020 1
4085 4010 2
4085 4020 2
4085 4045 2
4085 4050 1
4085 4070 1
4085 4080 1
4085 4190 2
4085 4210 2
4085 4230 1
4085 4300 2
4085 5020 1
4140 3080 2
4140 3400 1
4140 4005 1
4140 4007 1
4140 4008 1
4140 4030 2
4140 4038 1
4140 4180 2
4140 4200 2
4140 5020 1
4150 4005 1
4150 4010 2
4150 4018 1
4150 4025 1
4150 4030 1
4150 4045 1
4150 4230 2
4150 4270 1
4150 4272 1
4150 4274 2
4160 2090 1
4160 4050 2
4160 4220 2
4160 4290 2
4170 2450 2
4170 4020 1
4170 4180 1
4170 4210 1
4170 4308 2
4170 5020 2
4180 2120 1
4180 3080 1
4180 4007 1
4180 4008 2
4180 4025 1
4180 4038 1
4180 4080 2
4180 4140 2
4180 4170 1
4180 4200 2
4180 4205 1
4180 4275 2
4180 4280 2
4180 4350 1
4182 3260 1
4182 4012 1
4182 4184 1
4182 4272 2
4182 4302 2
4182 4335 2
4184 4012 1
4184 4182 1
4184 4301 2
4184 4335 2
4186 4018 2
4186 4055 2
4186 4070 1
4186 4188 2
4186 4272 2
4186 4290 1
4188 4018 2
4188 4055 2
4188 4070 1
4188 4186 2
4188 4230 1
4188 4272 2
4188 4303 1
4190 4010 1
4190 4020 2
4190 4080 2
4190 4085 2
4190 4205 2
4190 4210 2
4190 4300 2
4195 4038 1
4195 4274 1
4195 4350 2
4200 1520 1
4200 2120 1
4200 3400 1
4200 4140 2
4200 4180 2
4200 4280 2
4205 2030 1
4205 4008 2
4205 4080 2
4205 4180 1
4205 4190 2
4205 4290 1
4205 4300 2
4205 5020 1
4210 4010 1
4210 4020 2
4210 4050 2
4210 4080 1
4210 4085 2
4210 4170 1
4210 4190 2
4210 4220 1
4210 4290 1
4210 4308 1
4210 5020 1
4220 2090 1
4220 4050 2
4220 4070 2
4220 4160 2
4220 4210 1
4220 4290 2
4220 4300 1
4230 4018 2
4230 4025 1
4230 4030 1
4230 4045 2
4230 4085 1
4230 4150 2
4230 4188 1
4230 4272 1
4230 4274 1
4230 4303 2
4240 1060 1
4240 1310 1
4240 1385 1
4240 2020 1
4240 2070 1
4240 2120 1
4240 2460 1
4240 4008 1
4240 4080 1
4240 4280 2
4260 4005 1
4260 4007 1
4260 4018 1
4260 4030 1
4260 4270 2
4260 4272 1
4260 4303 2
4270 4005 2
4270 4007 1
4270 4025 1
4270 4030 2
4270 4150 1
4270 4260 2
4270 4272 1
4270 4303 1
4272 3260 1
4272 4005 1
4272 4007 1
4272 4018 2
4272 4025 1
4272 4030 1
4272 4045 1
4272 4055 2
4272 4070 1
4272 4084 2
4272 4150 1
4272 4182 2
4272 4186 2
4272 4188 2
4272 4230 1
4272 4260 1
4272 4270 1
4272 4274 1
4272 4301 1
4272 4302 1
4272 4303 2
4272 4335 1
4274 4010 1
4274 4025 1
4274 4030 1
4274 4038 1
4274 4045 2
4274 4150 2
4274 4195 1
4274 4230 1
4274 4272 1
4274 4276 1
4274 4350 1
4275 4008 2
4275 4180 2
4275 4280 1
4276 4005 1
4276 4025 1
4276 4030 1
4276 4038 2
4276 4274 1
4280 1010 1
4280 1310 1
4280 2020 2
4280 2120 2
4280 2140 1
4280 4008 2
4280 4080 2
4280 4180 2
4280 4200 2
4280 4240 2
4280 4275 1
4280 5020 1
4290 2090 1
4290 2450 1
4290 3160 1
4290 3350 1
4290 4008 1
4290 4050 2
4290 4070 2
4290 4160 2
4290 4186 1
4290 4205 1
4290 4210 1
4290 4220 2
4290 4300 2
4290 4308 1
4290 5020 1
4300 2030 1
4300 2090 1
4300 3160 1
4300 3350 1
4300 4010 2
4300 4020 1
4300 4085 2
4300 4190 2
4300 4205 2
4300 4220 1
4300 4290 2
4300 5020 1
4301 3010 1
4301 3068 1
4301 3130 1
4301 3290 1
4301 4012 1
4301 4184 2
4301 4272 1
4301 4302 2
4301 4335 2
4302 3010 1
4302 3130 2
4302 4012 2
4302 4182 2
4302 4272 1
4302 4301 2
4302 4335 2
4303 4018 2
4303 4188 1
4303 4230 2
4303 4260 2
4303 4270 1
4303 4272 2
4303 4350 1
4308 1300 1
4308 1400 1
4308 2010 1
4308 2020 1
4308 2030 1
4308 2040 1
4308 2090 2
4308 2160 2
4308 2290 1
4308 2385 1
4308 2400 1
4308 2420 1
4308 2440 1
4308 2450 2
4308 3020 1
4308 3030 1
4308 3350 1
4308 4010 1
4308 4020 1
4308 4050 1
4308 4170 2
4308 4210 1
4308 4290 1
4308 5020 2
4308 5150 2
4335 3130 1
4335 4012 1
4335 4182 2
4335 4184 2
4335 4272 1
4335 4301 2
4335 4302 2
4350 4005 2
4350 4025 2
4350 4030 1
4350 4038 2
4350 4045 1
4350 4180 1
4350 4195 2
4350 4274 1
4350 4303 1
5020 2020 1
5020 2090 2
5020 2120 1
5020 2450 2
5020 2460 1
5020 3160 1
5020 3350 1
5020 4008 1
5020 4020 1
5020 4085 1
5020 4140 1
5020 4170 2
5020 4205 1
5020 4210 1
5020 4280 1
5020 4290 1
5020 4300 1
5020 4308 2
5020 5150 2
5060 5105 1
5060 5110 1
5060 5150 2
5060 5170 2
5060 5197 2
5060 5200 2
5070 5170 2
5070 5195 1
5070 5197 2
5070 5198 1
5070 5200 2
5070 5205 2
5070 5207 2
5105 5060 1
5105 5110 2
5105 5200 2
5105 5205 2
5105 5107 2
5110 5060 1
5110 5105 2
5110 5205 1
5110 5108 2
5110 5107 2
5150 2090 2
5150 2450 2
5150 4308 2
5150 5020 2
5150 5060 2
5150 5170 2
5170 5060 2
5170 5070 2
5170 5150 2
5170 5200 2
5170 5205 1
5180 3110 1
5180 3300 1
5180 5198 1
5180 5108 2
5180 5107 2
5195 5070 1
5195 5198 2
5195 5207 2
5195 5108 1
5197 5060 2
5197 5070 2
5197 5200 2
5197 5205 2
5197 5207 1
5198 5070 1
5198 5180 1
5198 5195 2
5198 5200 1
5198 5205 1
5198 5207 2
5198 5108 2
5198 5107 1
5200 5060 2
5200 5070 2
5200 5105 2
5200 5170 2
5200 5197 2
5200 5198 1
5200 5205 2
5205 5070 2
5205 5105 2
5205 5110 1
5205 5170 1
5205 5197 2
5205 5198 1
5205 5200 2
5207 5070 2
5207 5195 2
5207 5197 1
5207 5198 2
5108 5110 2
5108 5180 2
5108 5195 1
5108 5198 2
5108 5107 2
5107 5105 2
5107 5110 2
5107 5180 2
5107 5198 1
5107 5108 2
1135 1035 1
1135 1120 2
1135 1140 2
1135 1420 2
1135 1470 1
1135 3420 2
